Name of model: Tensorflow model
Tested: 15/06/2021 17:06:02
Your model tested value: 0.866100013256073
Generating random algorithm: numpy.normal

Sigma	Tested value
0.0	0.866100013256073
0.001	0.8657000064849854
0.002	0.866100013256073
0.003	0.8650000095367432
0.004	0.8648999929428101
0.005	0.8632000088691711
0.006	0.8647000193595886
0.007	0.8651000261306763
0.008	0.8659999966621399
0.009	0.8622000217437744
0.01	0.8634999990463257
0.011	0.8623999953269958
0.012	0.8611999750137329
0.013	0.8496999740600586
0.014	0.8598999977111816
0.015	0.8514999747276306
0.016	0.8537999987602234
0.017	0.8565999865531921
0.018	0.8187999725341797
0.019	0.8503000140190125
0.02	0.8550999760627747
0.021	0.8472999930381775
0.022	0.833899974822998
0.023	0.84170001745224
0.024	0.8409000039100647
0.025	0.8363000154495239
0.026	0.8370000123977661
0.027	0.8185999989509583
0.028	0.8343999981880188
0.029	0.8281000256538391
0.03	0.8058000206947327
0.031	0.8295999765396118
0.032	0.7968999743461609
0.033	0.7910000085830688
0.034	0.7925999760627747
0.035	0.7698000073432922
0.036	0.7318000197410583
0.037	0.7940000295639038
0.038	0.7789000272750854
0.039	0.7767999768257141
0.04	0.7397000193595886
0.041	0.7681999802589417
0.042	0.7089999914169312
0.043	0.7455999851226807
0.044	0.7728999853134155
0.045	0.6875
0.046	0.7840999960899353
0.047	0.746399998664856
0.048	0.5881999731063843
0.049	0.6157000064849854
0.05	0.6916999816894531
0.051	0.6456000208854675
0.052	0.6259999871253967
0.053	0.746999979019165
0.054	0.6640999913215637
0.055	0.6692000031471252
0.056	0.6352999806404114
0.057	0.5922999978065491
0.058	0.6973999738693237
0.059	0.4876999855041504
0.06	0.4717000126838684
0.061	0.5404000282287598
0.062	0.7663000226020813
0.063	0.6183000206947327
0.064	0.5171999931335449
0.065	0.6229000091552734
0.066	0.538100004196167
0.067	0.4878999888896942
0.068	0.6991000175476074
0.069	0.4528999924659729
0.07	0.5449000000953674
0.071	0.6184999942779541
0.072	0.4887999892234802
0.073	0.48190000653266907
0.074	0.36959999799728394
0.075	0.4108000099658966
0.076	0.5898000001907349
0.077	0.4187000095844269
0.078	0.3788999915122986
0.079	0.4189999997615814
0.08	0.48429998755455017
0.081	0.4302000105381012
0.082	0.5220000147819519
0.083	0.5184999704360962
0.084	0.29649999737739563
0.085	0.46380001306533813
0.086	0.5706999897956848
0.087	0.3400000035762787
0.088	0.5758000016212463
0.089	0.4147000014781952
0.09	0.3880999982357025
0.091	0.5254999995231628
0.092	0.37070000171661377
0.093	0.2639000117778778
0.094	0.391400009393692
0.095	0.392300009727478
0.096	0.39809998869895935
0.097	0.4462999999523163
0.098	0.38679999113082886
0.099	0.36090001463890076
0.1	0.3792000114917755
0.101	0.313400000333786
0.102	0.3587999939918518
0.103	0.3352999985218048
0.104	0.3596000075340271
0.105	0.35409998893737793
0.106	0.23070000112056732
0.107	0.38940000534057617
0.108	0.3273000121116638
0.109	0.3910999894142151
0.11	0.31630000472068787
0.111	0.15729999542236328
0.112	0.45669999718666077
0.113	0.3278999924659729
0.114	0.26919999718666077
0.115	0.4481000006198883
0.116	0.39820000529289246
0.117	0.32899999618530273
0.118	0.21549999713897705
0.119	0.46480000019073486
0.12	0.3319000005722046
0.121	0.3158999979496002
0.122	0.23899999260902405
0.123	0.2766000032424927
0.124	0.2434999942779541
0.125	0.18160000443458557
0.126	0.18279999494552612
0.127	0.27619999647140503
0.128	0.4099999964237213
0.129	0.2903999984264374
0.13	0.31779998540878296
0.131	0.2320999950170517
0.132	0.18219999969005585
0.133	0.26510000228881836
0.134	0.4309000074863434
0.135	0.23680000007152557
0.136	0.3887999951839447
0.137	0.22619999945163727
0.138	0.1868000030517578
0.139	0.303600013256073
0.14	0.29919999837875366
0.141	0.1454000025987625
0.142	0.1768999993801117
0.143	0.28220000863075256
0.144	0.287200003862381
0.145	0.3240000009536743
0.146	0.2467000037431717
0.147	0.17149999737739563
0.148	0.3109999895095825
0.149	0.22200000286102295
0.15	0.21320000290870667
0.151	0.10199999809265137
0.152	0.17030000686645508
0.153	0.29030001163482666
0.154	0.2522999942302704
0.155	0.2669999897480011
0.156	0.2517000138759613
0.157	0.25200000405311584
0.158	0.2777999937534332
0.159	0.32710000872612
0.16	0.20010000467300415
0.161	0.3012000024318695
0.162	0.23579999804496765
0.163	0.22910000383853912
0.164	0.11720000207424164
0.165	0.10620000213384628
0.166	0.3001999855041504
0.167	0.1396999955177307
0.168	0.14139999449253082
0.169	0.3059999942779541
0.17	0.10740000009536743
0.171	0.250900000333786
0.172	0.16899999976158142
0.173	0.2676999866962433
0.174	0.2152000069618225
0.175	0.19140000641345978
0.176	0.14970000088214874
0.177	0.121799997985363
0.178	0.10360000282526016
0.179	0.21960000693798065
0.18	0.24699999392032623
0.181	0.18850000202655792
0.182	0.29109999537467957
0.183	0.20509999990463257
0.184	0.12800000607967377
0.185	0.13369999825954437
0.186	0.17900000512599945
0.187	0.23810000717639923
0.188	0.20489999651908875
0.189	0.10170000046491623
0.19	0.2232999950647354
0.191	0.13740000128746033
0.192	0.0989999994635582
0.193	0.10320000350475311
0.194	0.2321999967098236
0.195	0.2045000046491623
0.196	0.2919999957084656
0.197	0.10040000081062317
0.198	0.27480000257492065
0.199	0.17720000445842743
0.2	0.19110000133514404
0.201	0.10530000180006027
0.202	0.20730000734329224
0.203	0.10300000011920929
0.204	0.23929999768733978
0.205	0.18039999902248383
0.206	0.1988999992609024
0.207	0.20649999380111694
0.208	0.23960000276565552
0.209	0.26030001044273376
0.21	0.17090000212192535
0.211	0.10779999941587448
0.212	0.3418000042438507
0.213	0.1639000028371811
0.214	0.20319999754428864
0.215	0.1923999935388565
0.216	0.1826999932527542
0.217	0.10019999742507935
0.218	0.11429999768733978
0.219	0.12160000205039978
0.22	0.14730000495910645
0.221	0.20200000703334808
0.222	0.24560000002384186
0.223	0.16030000150203705
0.224	0.15839999914169312
0.225	0.16660000383853912
0.226	0.11259999871253967
0.227	0.14149999618530273
0.228	0.24719999730587006
0.229	0.10419999808073044
0.23	0.1615000069141388
0.231	0.2160000056028366
0.232	0.15929999947547913
0.233	0.23909999430179596
0.234	0.12870000302791595
0.235	0.09690000116825104
0.236	0.1281999945640564
0.237	0.14869999885559082
0.238	0.10869999974966049
0.239	0.23170000314712524
0.24	0.16429999470710754
0.241	0.1615000069141388
0.242	0.10000000149011612
0.243	0.15209999680519104
0.244	0.10119999945163727
0.245	0.10400000214576721
0.246	0.25429999828338623
0.247	0.1356000006198883
0.248	0.12680000066757202
0.249	0.14480000734329224
0.25	0.09920000284910202
0.251	0.16760000586509705
0.252	0.12729999423027039
0.253	0.29089999198913574
0.254	0.11670000106096268
0.255	0.274399995803833
0.256	0.23510000109672546
0.257	0.12210000306367874
0.258	0.15360000729560852
0.259	0.09799999743700027
0.26	0.0982000008225441
0.261	0.2037000060081482
0.262	0.07940000295639038
0.263	0.11110000312328339
0.264	0.1462000012397766
0.265	0.19670000672340393
0.266	0.1298999935388565
0.267	0.10559999942779541
0.268	0.21699999272823334
0.269	0.10819999873638153
0.27	0.13539999723434448
0.271	0.09969999641180038
0.272	0.16300000250339508
0.273	0.1370999962091446
0.274	0.16220000386238098
0.275	0.1859000027179718
0.276	0.17910000681877136
0.277	0.120899997651577
0.278	0.2037000060081482
0.279	0.1607999950647354
0.28	0.1436000019311905
0.281	0.11309999972581863
0.282	0.10700000077486038
0.283	0.08579999953508377
0.284	0.09690000116825104
0.285	0.16519999504089355
0.286	0.11550000309944153
0.287	0.14190000295639038
0.288	0.266400009393692
0.289	0.09470000118017197
0.29	0.1128000020980835
0.291	0.1387999951839447
0.292	0.11900000274181366
0.293	0.1453000009059906
0.294	0.12080000340938568
0.295	0.11089999973773956
0.296	0.0989999994635582
0.297	0.13459999859333038
0.298	0.15049999952316284
0.299	0.13089999556541443
0.3	0.18129999935626984
0.301	0.13089999556541443
0.302	0.15489999949932098
0.303	0.20100000500679016
0.304	0.0982000008225441
0.305	0.1437000036239624
0.306	0.13169999420642853
0.307	0.24250000715255737
0.308	0.18160000443458557
0.309	0.11999999731779099
0.31	0.11129999905824661
0.311	0.15440000593662262
0.312	0.12399999797344208
0.313	0.13269999623298645
0.314	0.10409999638795853
0.315	0.16259999573230743
0.316	0.20739999413490295
0.317	0.11659999936819077
0.318	0.0908999964594841
0.319	0.09920000284910202
0.32	0.1257999986410141
0.321	0.0997999981045723
0.322	0.11309999972581863
0.323	0.14100000262260437
0.324	0.11729999631643295
0.325	0.21080000698566437
0.326	0.20389999449253082
0.327	0.1387999951839447
0.328	0.16459999978542328
0.329	0.11079999804496765
0.33	0.10599999874830246
0.331	0.14309999346733093
0.332	0.10610000044107437
0.333	0.13750000298023224
0.334	0.14990000426769257
0.335	0.13830000162124634
0.336	0.13750000298023224
0.337	0.16699999570846558
0.338	0.1624000072479248
0.339	0.23109999299049377
0.34	0.14399999380111694
0.341	0.15970000624656677
0.342	0.09070000052452087
0.343	0.10050000250339508
0.344	0.24950000643730164
0.345	0.21809999644756317
0.346	0.15780000388622284
0.347	0.11140000075101852
0.348	0.1290999948978424
0.349	0.11590000241994858
0.35	0.10000000149011612
0.351	0.20960000157356262
0.352	0.13910000026226044
0.353	0.09640000015497208
0.354	0.11760000139474869
0.355	0.10239999741315842
0.356	0.08529999852180481
0.357	0.1754000037908554
0.358	0.09000000357627869
0.359	0.10859999805688858
0.36	0.1266999989748001
0.361	0.16609999537467957
0.362	0.1565999984741211
0.363	0.08009999990463257
0.364	0.15279999375343323
0.365	0.1234000027179718
0.366	0.09809999912977219
0.367	0.1615000069141388
0.368	0.14569999277591705
0.369	0.10610000044107437
0.37	0.14149999618530273
0.371	0.051600001752376556
0.372	0.03790000081062317
0.373	0.0934000015258789
0.374	0.13950000703334808
0.375	0.11400000005960464
0.376	0.12409999966621399
0.377	0.08879999816417694
0.378	0.21860000491142273
0.379	0.15399999916553497
0.38	0.13369999825954437
0.381	0.10189999639987946
0.382	0.10999999940395355
0.383	0.17630000412464142
0.384	0.0997999981045723
0.385	0.1347000002861023
0.386	0.1152999997138977
0.387	0.18729999661445618
0.388	0.08169999718666077
0.389	0.14740000665187836
0.39	0.15729999542236328
0.391	0.12690000236034393
0.392	0.1103999987244606
0.393	0.09679999947547913
0.394	0.09809999912977219
0.395	0.12210000306367874
0.396	0.10279999673366547
0.397	0.06700000166893005
0.398	0.05290000140666962
0.399	0.11860000342130661
0.4	0.1776999980211258
